Accuracy:0.984350547731
Precision:0.977427110345
Recall:0.969295964024
F1-score:0.973294909688
